name: netvlad
channels:
  - anaconda
  - pytorch
  - conda-forge
  - defaults
dependencies:
  - _libgcc_mutex=0.1=main
  - blas=1.0=mkl
  - bzip2=1.0.8=h7b6447c_0
  - ca-certificates=2020.12.5=ha878542_0
  - certifi=2020.12.5=py36h5fab9bb_1
  - cudatoolkit=10.2.89=hfd86e86_1
  - dataclasses=0.8=pyh4f3eec9_6
  - faiss-gpu=1.7.0=py3.6_h080d439_0_cuda10.2
  - fancycompleter=0.9.1=py36h9f0ad1d_1002
  - ffmpeg=4.2.2=h20bf706_0
  - freetype=2.10.4=h5ab3b9f_0
  - gmp=6.2.1=h2531618_2
  - gnutls=3.6.5=h71b1129_1002
  - h5py=2.10.0=py36hd6299e0_1
  - hdf5=1.10.6=hb1b8bf9_0
  - intel-openmp=2020.2=254
  - jpeg=9b=h024ee3a_2
  - jsonpatch=1.24=py_0
  - jsonpointer=2.0=py_0
  - lame=3.100=h7b6447c_0
  - lcms2=2.11=h396b838_0
  - ld_impl_linux-64=2.33.1=h53a641e_7
  - libedit=3.1.20191231=h14c3975_1
  - libfaiss=1.7.0=h4fe19ad_0_cuda10.2
  - libffi=3.3=he6710b0_2
  - libgcc-ng=9.1.0=hdf63c60_0
  - libgfortran-ng=7.3.0=hdf63c60_0
  - libopus=1.3.1=h7b6447c_0
  - libpng=1.6.37=hbc83047_0
  - libsodium=1.0.18=h36c2ea0_1
  - libstdcxx-ng=9.1.0=hdf63c60_0
  - libtiff=4.1.0=h2733197_1
  - libuv=1.40.0=h7b6447c_0
  - libvpx=1.7.0=h439df22_0
  - lz4-c=1.9.3=h2531618_0
  - mkl=2020.2=256
  - mkl-service=2.3.0=py36he8ac12f_0
  - mkl_fft=1.3.0=py36h54f3939_0
  - mkl_random=1.1.1=py36h0573a6f_0
  - ncurses=6.2=he6710b0_1
  - nettle=3.4.1=hbb512f6_0
  - ninja=1.10.2=py36hff7bd54_0
  - numpy=1.19.2=py36h54aff64_0
  - numpy-base=1.19.2=py36hfa32c7d_0
  - olefile=0.46=py36_0
  - openh264=2.1.0=hd408876_0
  - openssl=1.1.1j=h27cfd23_0
  - pandas=1.1.3=py36he6710b0_0
  - pdbpp=0.10.0=py_0
  - pickle5=0.0.11=py36h8c4c3a4_0
  - pillow=8.0.0=py36h9a89aac_0
  - pip=21.0.1=py36h06a4308_0
  - pygments=2.8.1=pyhd3eb1b0_0
  - pyrepl=0.9.0=py36h8c4c3a4_2
  - python=3.6.13=hdb3f193_0
  - python-dateutil=2.8.1=pyhd3eb1b0_0
  - python_abi=3.6=1_cp36m
  - pytorch=1.8.0=py3.6_cuda10.2_cudnn7.6.5_0
  - pytz=2021.1=pyhd3eb1b0_0
  - pyzmq=19.0.2=py36h9947dbf_2
  - readline=8.1=h27cfd23_0
  - scipy=1.5.2=py36h0b6359f_0
  - setuptools=52.0.0=py36h06a4308_0
  - six=1.15.0=py36h06a4308_0
  - sqlite=3.33.0=h62c20be_0
  - tk=8.6.10=hbc83047_0
  - torchfile=0.1.0=py_0
  - torchvision=0.9.0=py36_cu102
  - tornado=6.1=py36h1d69622_0
  - typing_extensions=3.7.4.3=pyha847dfd_0
  - visdom=0.1.8.9=0
  - websocket-client=0.57.0=py36h5fab9bb_4
  - wheel=0.36.2=pyhd3eb1b0_0
  - wmctrl=0.3=py36h9f0ad1d_1002
  - x264=1!157.20191217=h7b6447c_0
  - xz=5.2.5=h7b6447c_0
  - zeromq=4.3.3=he6710b0_3
  - zlib=1.2.11=h7b6447c_3
  - zstd=1.4.5=h9ceee32_0
  - pip:
    - absl-py==0.12.0
    - cachetools==4.2.1
    - chardet==4.0.0
    - google-auth==1.27.1
    - google-auth-oauthlib==0.4.3
    - grpcio==1.36.1
    - idna==2.10
    - importlib-metadata==3.7.2
    - markdown==3.3.4
    - oauthlib==3.1.0
    - protobuf==3.15.5
    - pyasn1==0.4.8
    - pyasn1-modules==0.2.8
    - requests==2.25.1
    - requests-oauthlib==1.3.0
    - rsa==4.7.2
    - tensorboard==2.4.1
    - tensorboard-plugin-wit==1.8.0
    - urllib3==1.26.3
    - werkzeug==1.0.1
    - zipp==3.4.1
prefix: /home/sungwon95/.conda/envs/netvlad

